{
 "cells": [
  {
   "cell_type": "code",
   "execution_count": 6,
   "metadata": {},
   "outputs": [],
   "source": [
    "import numpy as np\n",
    "import pandas as pd\n",
    "import scipy\n",
    "from sklearn.linear_model import LinearRegression"
   ]
  },
  {
   "cell_type": "code",
   "execution_count": 2,
   "metadata": {},
   "outputs": [],
   "source": [
    "df = pd.read_csv('test_dataset.csv', header=0)"
   ]
  },
  {
   "cell_type": "code",
   "execution_count": 3,
   "metadata": {},
   "outputs": [
    {
     "data": {
      "text/html": [
       "<div>\n",
       "<style scoped>\n",
       "    .dataframe tbody tr th:only-of-type {\n",
       "        vertical-align: middle;\n",
       "    }\n",
       "\n",
       "    .dataframe tbody tr th {\n",
       "        vertical-align: top;\n",
       "    }\n",
       "\n",
       "    .dataframe thead th {\n",
       "        text-align: right;\n",
       "    }\n",
       "</style>\n",
       "<table border=\"1\" class=\"dataframe\">\n",
       "  <thead>\n",
       "    <tr style=\"text-align: right;\">\n",
       "      <th></th>\n",
       "      <th>temperature</th>\n",
       "      <th>humidity</th>\n",
       "      <th>brightness</th>\n",
       "      <th>rip</th>\n",
       "      <th>noise</th>\n",
       "      <th>airquality</th>\n",
       "    </tr>\n",
       "  </thead>\n",
       "  <tbody>\n",
       "    <tr>\n",
       "      <th>0</th>\n",
       "      <td>20</td>\n",
       "      <td>70</td>\n",
       "      <td>52</td>\n",
       "      <td>0</td>\n",
       "      <td>55</td>\n",
       "      <td>5</td>\n",
       "    </tr>\n",
       "    <tr>\n",
       "      <th>1</th>\n",
       "      <td>28</td>\n",
       "      <td>75</td>\n",
       "      <td>67</td>\n",
       "      <td>1</td>\n",
       "      <td>33</td>\n",
       "      <td>6</td>\n",
       "    </tr>\n",
       "    <tr>\n",
       "      <th>2</th>\n",
       "      <td>25</td>\n",
       "      <td>72</td>\n",
       "      <td>68</td>\n",
       "      <td>1</td>\n",
       "      <td>52</td>\n",
       "      <td>6</td>\n",
       "    </tr>\n",
       "    <tr>\n",
       "      <th>3</th>\n",
       "      <td>20</td>\n",
       "      <td>76</td>\n",
       "      <td>63</td>\n",
       "      <td>1</td>\n",
       "      <td>64</td>\n",
       "      <td>8</td>\n",
       "    </tr>\n",
       "    <tr>\n",
       "      <th>4</th>\n",
       "      <td>26</td>\n",
       "      <td>70</td>\n",
       "      <td>69</td>\n",
       "      <td>1</td>\n",
       "      <td>45</td>\n",
       "      <td>3</td>\n",
       "    </tr>\n",
       "  </tbody>\n",
       "</table>\n",
       "</div>"
      ],
      "text/plain": [
       "   temperature  humidity  brightness  rip  noise  airquality\n",
       "0           20        70          52    0     55           5\n",
       "1           28        75          67    1     33           6\n",
       "2           25        72          68    1     52           6\n",
       "3           20        76          63    1     64           8\n",
       "4           26        70          69    1     45           3"
      ]
     },
     "execution_count": 3,
     "metadata": {},
     "output_type": "execute_result"
    }
   ],
   "source": [
    "df.head(5)"
   ]
  },
  {
   "cell_type": "code",
   "execution_count": 5,
   "metadata": {},
   "outputs": [
    {
     "data": {
      "text/html": [
       "<div>\n",
       "<style scoped>\n",
       "    .dataframe tbody tr th:only-of-type {\n",
       "        vertical-align: middle;\n",
       "    }\n",
       "\n",
       "    .dataframe tbody tr th {\n",
       "        vertical-align: top;\n",
       "    }\n",
       "\n",
       "    .dataframe thead th {\n",
       "        text-align: right;\n",
       "    }\n",
       "</style>\n",
       "<table border=\"1\" class=\"dataframe\">\n",
       "  <thead>\n",
       "    <tr style=\"text-align: right;\">\n",
       "      <th></th>\n",
       "      <th>temperature</th>\n",
       "      <th>humidity</th>\n",
       "      <th>brightness</th>\n",
       "      <th>rip</th>\n",
       "      <th>noise</th>\n",
       "      <th>airquality</th>\n",
       "    </tr>\n",
       "  </thead>\n",
       "  <tbody>\n",
       "    <tr>\n",
       "      <th>temperature</th>\n",
       "      <td>1.000000</td>\n",
       "      <td>-0.047036</td>\n",
       "      <td>0.213672</td>\n",
       "      <td>-0.153285</td>\n",
       "      <td>-0.003832</td>\n",
       "      <td>-0.076414</td>\n",
       "    </tr>\n",
       "    <tr>\n",
       "      <th>humidity</th>\n",
       "      <td>-0.047036</td>\n",
       "      <td>1.000000</td>\n",
       "      <td>-0.052593</td>\n",
       "      <td>0.105354</td>\n",
       "      <td>-0.029725</td>\n",
       "      <td>-0.042104</td>\n",
       "    </tr>\n",
       "    <tr>\n",
       "      <th>brightness</th>\n",
       "      <td>0.213672</td>\n",
       "      <td>-0.052593</td>\n",
       "      <td>1.000000</td>\n",
       "      <td>0.067252</td>\n",
       "      <td>-0.137472</td>\n",
       "      <td>-0.071420</td>\n",
       "    </tr>\n",
       "    <tr>\n",
       "      <th>rip</th>\n",
       "      <td>-0.153285</td>\n",
       "      <td>0.105354</td>\n",
       "      <td>0.067252</td>\n",
       "      <td>1.000000</td>\n",
       "      <td>0.028910</td>\n",
       "      <td>0.070230</td>\n",
       "    </tr>\n",
       "    <tr>\n",
       "      <th>noise</th>\n",
       "      <td>-0.003832</td>\n",
       "      <td>-0.029725</td>\n",
       "      <td>-0.137472</td>\n",
       "      <td>0.028910</td>\n",
       "      <td>1.000000</td>\n",
       "      <td>0.017957</td>\n",
       "    </tr>\n",
       "    <tr>\n",
       "      <th>airquality</th>\n",
       "      <td>-0.076414</td>\n",
       "      <td>-0.042104</td>\n",
       "      <td>-0.071420</td>\n",
       "      <td>0.070230</td>\n",
       "      <td>0.017957</td>\n",
       "      <td>1.000000</td>\n",
       "    </tr>\n",
       "  </tbody>\n",
       "</table>\n",
       "</div>"
      ],
      "text/plain": [
       "             temperature  humidity  brightness       rip     noise  airquality\n",
       "temperature     1.000000 -0.047036    0.213672 -0.153285 -0.003832   -0.076414\n",
       "humidity       -0.047036  1.000000   -0.052593  0.105354 -0.029725   -0.042104\n",
       "brightness      0.213672 -0.052593    1.000000  0.067252 -0.137472   -0.071420\n",
       "rip            -0.153285  0.105354    0.067252  1.000000  0.028910    0.070230\n",
       "noise          -0.003832 -0.029725   -0.137472  0.028910  1.000000    0.017957\n",
       "airquality     -0.076414 -0.042104   -0.071420  0.070230  0.017957    1.000000"
      ]
     },
     "execution_count": 5,
     "metadata": {},
     "output_type": "execute_result"
    }
   ],
   "source": [
    "df.corr()"
   ]
  },
  {
   "cell_type": "code",
   "execution_count": null,
   "metadata": {},
   "outputs": [],
   "source": []
  }
 ],
 "metadata": {
  "kernelspec": {
   "display_name": "Python 3",
   "language": "python",
   "name": "python3"
  },
  "language_info": {
   "codemirror_mode": {
    "name": "ipython",
    "version": 3
   },
   "file_extension": ".py",
   "mimetype": "text/x-python",
   "name": "python",
   "nbconvert_exporter": "python",
   "pygments_lexer": "ipython3",
   "version": "3.6.4"
  }
 },
 "nbformat": 4,
 "nbformat_minor": 2
}
